buf: 
23
37
54
75
34
72
61
26
6
94
76
14
41

li: 
23
37
54
75
34
72
61
26
6
94
76
14
41

buf: 
23
37
54
75
34
72
61
26
6
94
76
14
41

li: 
23
37
54
75
34
72
61
26
6
94
76
14
41

buf: 
23
37
54
75
34
72
61
26
6
94
76
14
41

li: 
23
37
54
75
34
72
61
26
6
94
76
14
41

buf: 
23
37
54
75
34
72
61
26
6
94
76
14
41

li: 
23
37
54
75
34
72
61
26
6
94
76
14
41

buf: 
23
37
54
75
34
72
61
26
6
94
76
14
41

li: 
23
37
54
75
34
72
61
26
6
94
76
14
41

buf: 
23
37
54
75
34
61
72
26
6
94
76
14
41

li: 
23
37
54
75
34
61
72
26
6
94
76
14
41

buf: 
23
34
37
54
61
72
75
26
6
94
76
14
41

li: 
23
34
37
54
61
72
75
26
6
94
76
14
41

buf: 
23
34
37
54
61
72
75
6
26
94
76
14
41

li: 
23
34
37
54
61
72
75
6
26
94
76
14
41

buf: 
23
34
37
54
61
72
75
6
26
94
76
14
41

li: 
23
34
37
54
61
72
75
6
26
94
76
14
41

buf: 
23
34
37
54
61
72
75
6
26
94
14
76
41

li: 
23
34
37
54
61
72
75
6
26
94
14
76
41

buf: 
23
34
37
54
61
72
75
6
26
94
14
41
76

li: 
23
34
37
54
61
72
75
6
26
94
14
41
76

buf: 
23
34
37
54
61
72
75
6
14
26
41
76
94

li: 
23
34
37
54
61
72
75
6
14
26
41
76
94

